LUTdir=/var/tmp/LUT
outproj=+proj=stere +a=6371288 +lon_0=25E +lat_0=90N +lat_ts=60 +towgs84=0,0,0,0,0,0,0
outXdim=1160
outYdim=1826
outSWlat=55.93417 
outSWlon=15.82308 
outNElat=72.19757 
outNElon=43.12029
QDheaders
QDparam=CorrectedReflectivity
